[32.13241631828963, 78.82187968436533, -107.78938258336265]
[32.13239631828962, 78.82187968436533, -107.78938258336265]
[32.132406318289625, 78.82188968436533, -107.78938258336265]
[32.132406318289625, 78.82186968436532, -107.78938258336265]
[32.132406318289625, 78.82187968436533, -107.78937258336265]
[32.132406318289625, 78.82187968436533, -107.78939258336266]
[29.41, 74.45, -101.4]
[31.86, 71.57, -97.27]
[36.84, 46.91, -79.86]
[44.48, 29.85, -73.61]
[45.84, 5.26, -45.03]
[0, -9, -79]
[10, -118, -69]
[33, -68, -103]
[0, -0.1, 0.39]