[46.39589115818781, -52.049754853323364, 49.994705965711766]
[46.3958711581878, -52.049754853323364, 49.994705965711766]
[46.395881158187805, -52.04974485332336, 49.994705965711766]
[46.395881158187805, -52.04976485332337, 49.994705965711766]
[46.395881158187805, -52.049754853323364, 49.99471596571177]
[46.395881158187805, -52.049754853323364, 49.99469596571176]
[36.02, -41.28, 38.92]
[32.53, -32.54, 30.41]
[38.22, -36.18, 39.4]
[35.09, -25.54, 29.62]
[40.72, -40.62, 25.39]
[48.47, -51.71, 45.64]
[33.28, -28.97, 19.51]
[38.27, -35.62, 36.51]
[16.22, -103.64, 97.42]