[74.88442663764657, 22.977336065339983, 78.92532196637319]
[74.88440663764656, 22.977336065339983, 78.92532196637319]
[74.88441663764657, 22.977346065339983, 78.92532196637319]
[74.88441663764657, 22.977326065339984, 78.92532196637319]
[74.88441663764657, 22.977336065339983, 78.9253319663732]
[74.88441663764657, 22.977336065339983, 78.92531196637319]
[69.07, 37.84, 75.24]
[65, 37.84, 89]
[62.38, 45.52, 70.38]
[61.38, 43.01, 66.48]
[56.19, 42.63, 58.45]
[54.88, 46, 57.43]
[46.31, 40.37, 56.39]
[45.44, 41.42, 53.28]
[58, 49, 93]