[91.34045517055988, -47.98012753294846, -14.006660053843355]
[91.34043517055987, -47.98012753294846, -14.006660053843355]
[91.34044517055987, -47.980117532948455, -14.006660053843355]
[91.34044517055987, -47.98013753294846, -14.006660053843355]
[91.34044517055987, -47.98012753294846, -14.006650053843355]
[91.34044517055987, -47.98012753294846, -14.006670053843354]
[90.22, -57.67, 4.78]
[80.12, -82.57, -19.24]
[87.48, -47.24, 0.38]
[87.89, -29.44, -10.88]
[99.875, -127.56, -2.36]
[75.85, -52.78, 0.15]
[88.52, -42.34, -47.73]
[80.81, -38.04, -16.46]
[95.14, -86.61, 17.04]