[97.2135320180379, -21.984698858090347, 94.9093736520663]
[97.21351201803789, -21.984698858090347, 94.9093736520663]
[97.21352201803789, -21.984688858090347, 94.9093736520663]
[97.21352201803789, -21.984708858090347, 94.9093736520663]
[97.21352201803789, -21.984698858090347, 94.9093836520663]
[97.21352201803789, -21.984698858090347, 94.90936365206629]
[90.27, -15.03, 84.88]
[92.67, -24.91, 89.89]
[89.84, -23.98, 66.35]
[86.66, -17.23, 84.45]
[94.26, 31.11, 116.84]
[90.17, 21.21, 82.64]
[88.92, -22.12, 83.42]
[92.14, -24.91, 65.61]
[89.44, -17.3, 79.04]