[86.63863430895688, -45.968955694754754, 36.963150846620636]
[86.63861430895687, -45.968955694754754, 36.963150846620636]
[86.63862430895688, -45.96894569475475, 36.963150846620636]
[86.63862430895688, -45.96896569475476, 36.963150846620636]
[86.63862430895688, -45.968955694754754, 36.96316084662064]
[86.63862430895688, -45.968955694754754, 36.96314084662063]
[82.14, -58.67, 47.11]
[83.62, -66.44, 46.85]
[79.32, -66.62, 33.42]
[85.29, -75.73, 51.92]
[79.48, -65.91, 39.16]
[73.48, -59.61, 26.73]
[71.99, -56.71, 20.49]
[70.31, -50.87, 23.61]
[73.82, -46.04, 25.36]